- First i use the command: ls /proc/$(pgrep firefox)/task/
    output: 2013  2029  2036  2047  2071  2078  2118  2151  2265  3828  4536  5808
            2020  2030  2037  2048  2072  2083  2119  2168  2266  3959  4566  5809
            2021  2031  2039  2049  2073  2085  2139  2233  2275  3979  4704  5810
            2022  2032  2040  2054  2074  2101  2140  2244  2575  4341  4757  5824
            2023  2033  2044  2055  2075  2102  2141  2257  3417  4343  5650  5871
            2024  2034  2045  2056  2076  2114  2142  2258  3508  4351  5693  5874
            2025  2035  2046  2068  2077  2115  2143  2263  3770  4464  5804
- Then because i'm too lazy to count so i use this command: cat /proc/$(pgrep firefox)/status | grep -i Threads
    output: 83
